z(10) = 0.7784180374597730
rho1_z(10) = -0.0778336802081909
rho2_z(10) = -0.0000081235377864
s(0) = 1.0000000000000000
s(10) = 0.8672053048004046
Put_FST = 15.8587171702497596
Call_FST = 19.8899884685906194
GMMB_FST = -0.0000000000004512
Time used: 10.776434
Delta_Put = -0.2851798089966587
Delta_Call = 0.5335509441377487
Delta_GMMB = -0.4162717019499472
Gamma_Put = 0.0055049515372804
Gamma_Call = 0.0055049515381226
Gamma_GMMB = 0.0054177473774583
Rho1_Put = -4.4371758355264328
Rho2_Put = -0.0004939428560587
Rho1_Call = 3.3461921856948571
Rho2_Call = 0.0003184109226161
Rho1_GMMB = -4.1139936030169544
Rho2_GMMB = -0.0004579664690787
Vega1_Put = 0.5504435468784197
Vega2_Put = 0.0001043104931637
Vega1_Call = 0.5504435469626447
Vega2_Call = 0.0001043104931832
Vega1_GMMB = 0.5103519253169524
Vega2_GMMB = 0.0000967130259199
Lamb1_Put = 0.1511416152160740
Lamb2_Put = 0.0000113090485018
Lamb1_GMMB = 0.1511538958957649
Lamb2_GMMB = 0.0000101129117496
Mu1_Put = 0.1240430937983768
Mu2_Put = -0.0000066462837324
Mu1_GMMB = 0.1209541993843899
Mu2_GMMB = -0.0000052678462823
Nu1_Put = 0.0653933630392800
Nu2_Put = 0.0000174966186302
Nu1_GMMB = 0.0612250095375803
Nu2_GMMB = 0.0000164011212354
Alpha_GMMB = -142.8589183054806995
Alpha2_GMMB = 2723.2986109297571602
0 1.8845126389997982 4.440892098500626e-16
1 2.6591270356727437 7.798606211461407
2 1.727257239443971 2.100656057825892
3 -1.5780028572205524 21.91834482327533
4 1.6736871622903233 1.9328684870738042
5 -5.542303573947731 32.97368080873127
6 1.5695189309620987 1.9891512443820256
7 -6.105171091095221 31.13161030011631
8 2.045847756832315 2.3797476891563822
9 -4.9345516373229374 18.366643517241656
10 -7.497584713766772 19.973743387642855
0 -0.06705603860991215 0.0
1 -0.1334930167448296 3.155406603415308
2 -0.4313979279386276 2.9378598115506143
3 -1.0424141245307974 10.117018900323652
4 -0.4176554788715009 2.051910780315845
5 3.7783752985340353 33.228521762829075
6 -0.6726289027425576 1.358145043063878
7 20.441108013492155 101.6857586589761
8 -0.9662756945229805 1.7935487072080265
9 41.05062262358359 196.35938836293192
10 49.0285868911599 250.102620166422
